1490824843,73.0,17.0
1490824873,72.0,17.0
1490824903,76.0,17.0
1490824933,76.0,17.0
1490824963,76.0,17.0
1490824993,76.0,17.0
1490825023,76.0,17.0
1490825053,76.0,17.0
1490825083,76.0,17.0
1490825113,76.0,17.0
1490825143,73.0,17.0
1490825173,72.0,17.0
1490825203,76.0,17.0
1490825233,76.0,17.0
1490825263,76.0,17.0
1490825293,76.0,17.0
1490825323,76.0,17.0
1490825353,76.0,17.0
1490825384,76.0,17.0
1490825414,76.0,17.0
1490825444,75.0,17.0
1490825474,73.0,17.0
1490825504,75.0,17.0
1490825534,75.0,17.0
1490825564,75.0,17.0
1490825594,72.0,17.0
1490825624,75.0,17.0
1490825654,75.0,17.0
1490825684,75.0,17.0
1490825714,75.0,17.0
1490825744,75.0,17.0
1490825774,75.0,17.0
1490825804,72.0,17.0
1490825834,75.0,17.0
1490825864,74.0,17.0
1490825894,74.0,17.0
1490825924,74.0,17.0
1490825954,74.0,17.0
1490825984,74.0,17.0
1490826014,71.0,17.0
1490826044,74.0,17.0
1490826074,74.0,17.0
1490826104,74.0,17.0
1490826134,71.0,17.0
1490826164,74.0,17.0
1490826194,74.0,17.0
1490826224,74.0,17.0
1490826254,74.0,17.0
1490826285,70.0,17.0
1490826315,71.0,17.0
1490826345,70.0,17.0
1490826375,74.0,17.0
1490826405,74.0,17.0
1490826435,74.0,17.0
1490826465,75.0,17.0
1490826495,75.0,17.0
1490826525,75.0,17.0
1490826555,72.0,17.0
1490826585,75.0,17.0
1490826615,75.0,17.0
1490826645,75.0,17.0
1490826675,75.0,17.0
1490826705,75.0,17.0
1490826735,75.0,17.0
1490826765,75.0,17.0
1490826795,75.0,17.0
1490826825,75.0,17.0
1490826855,75.0,17.0
1490826885,75.0,17.0
1490826915,75.0,17.0
1490826945,75.0,17.0
1490826975,75.0,17.0
1490827005,75.0,17.0
1490827035,75.0,17.0
1490827066,72.0,17.0
1490827096,75.0,17.0
1490827126,72.0,17.0
1490827156,71.0,17.0
1490827186,75.0,17.0
1490827216,75.0,17.0
1490827246,75.0,17.0
1490827276,75.0,17.0
1490827306,75.0,17.0
1490827336,75.0,17.0
1490827366,75.0,17.0
1490827396,75.0,17.0
1490827426,75.0,17.0
1490827456,75.0,17.0
1490827486,75.0,17.0
1490827516,75.0,17.0
1490827546,74.0,17.0
1490827576,72.0,17.0
1490827606,74.0,17.0
1490827636,75.0,17.0
1490827666,75.0,17.0
1490827696,72.0,17.0
1490827726,75.0,17.0
1490827756,75.0,17.0
1490827786,72.0,17.0
1490827816,75.0,17.0
1490827846,75.0,17.0
1490827876,75.0,17.0
1490827907,72.0,17.0
1490827937,75.0,17.0
1490827967,75.0,17.0
1490827997,75.0,17.0
1490828027,75.0,17.0
1490828057,75.0,17.0
1490828087,74.0,17.0
1490828117,75.0,17.0
1490828147,75.0,17.0
1490828177,74.0,17.0
1490828207,72.0,17.0
1490828237,75.0,17.0
1490828267,74.0,17.0
1490828297,76.0,16.0
1490828327,76.0,16.0
1490828357,76.0,16.0
1490828387,75.0,16.0
1490828417,75.0,16.0
1490828447,75.0,16.0
1490828477,76.0,16.0
1490828507,76.0,16.0
1490828537,74.0,17.0
1490828567,75.0,16.0
1490828597,75.0,16.0
1490828627,75.0,16.0
1490828657,76.0,16.0
1490828687,76.0,16.0
1490828717,75.0,16.0
1490828747,76.0,16.0
1490828777,76.0,16.0
1490828807,76.0,16.0
1490828837,75.0,16.0
1490828867,73.0,16.0
1490828897,76.0,16.0
1490828927,75.0,16.0
1490828957,75.0,16.0
1490828988,73.0,16.0
1490829018,75.0,16.0
1490829048,75.0,16.0
1490829078,72.0,16.0
1490829108,75.0,16.0
1490829138,75.0,16.0
1490829168,75.0,16.0
1490829198,72.0,16.0
1490829228,75.0,16.0
1490829258,75.0,16.0
1490829288,75.0,16.0
1490829318,75.0,16.0
1490829348,75.0,16.0
1490829378,76.0,16.0
1490829408,76.0,16.0
1490829438,76.0,16.0
1490829468,76.0,16.0
1490829498,76.0,16.0
1490829528,75.0,16.0
1490829558,76.0,16.0
1490829588,75.0,16.0
1490829618,76.0,16.0
1490829648,76.0,16.0
1490829678,73.0,16.0
1490829708,72.0,16.0
1490829738,76.0,16.0
1490829768,76.0,16.0
1490829798,76.0,16.0
1490829828,76.0,16.0
1490829858,76.0,16.0
1490829888,76.0,16.0
1490829919,76.0,16.0
1490829949,73.0,16.0
1490829979,76.0,16.0
1490830009,76.0,16.0
1490830039,76.0,16.0
1490830069,76.0,16.0
1490830099,76.0,16.0
1490830129,76.0,16.0
1490830159,73.0,16.0
1490830189,76.0,16.0
1490830219,76.0,16.0
1490830249,76.0,16.0
1490830279,76.0,16.0
1490830309,76.0,16.0
1490830339,76.0,16.0
1490830369,76.0,16.0
1490830399,73.0,16.0
1490830429,76.0,16.0
1490830459,76.0,16.0
1490830489,73.0,16.0
1490830519,76.0,16.0
1490830549,76.0,16.0
1490830579,76.0,16.0
1490830609,73.0,16.0
1490830639,76.0,16.0
1490830669,76.0,16.0
1490830699,76.0,16.0
1490830729,76.0,16.0
1490830759,76.0,16.0
1490830790,73.0,16.0
1490830820,72.0,16.0
1490830850,76.0,16.0
1490830880,76.0,16.0
1490830910,76.0,16.0
1490830940,73.0,16.0
1490830970,76.0,16.0
1490831000,73.0,16.0
1490831030,72.0,16.0
1490831060,76.0,16.0
1490831090,76.0,16.0
1490831120,76.0,16.0
1490831150,76.0,16.0
1490831180,76.0,16.0
1490831210,76.0,16.0
1490831240,76.0,16.0
1490831270,73.0,16.0
1490831300,76.0,16.0
1490831330,73.0,16.0
1490831360,71.0,16.0
1490831390,76.0,16.0
1490831420,76.0,16.0
1490831450,75.0,17.0
1490831480,76.0,16.0
1490831510,76.0,16.0
1490831541,76.0,16.0
1490831571,73.0,16.0
1490831601,76.0,16.0
1490831631,76.0,16.0
1490831661,76.0,16.0
1490831691,73.0,16.0
1490831721,76.0,16.0
1490831751,76.0,16.0
1490831781,75.0,16.0
1490831811,73.0,16.0
1490831841,75.0,16.0
1490831871,76.0,16.0
1490831901,75.0,16.0
1490831931,75.0,16.0
1490831961,75.0,16.0
1490831991,75.0,16.0
1490832021,75.0,16.0
1490832051,75.0,16.0
1490832081,72.0,16.0
1490832111,71.0,16.0
1490832141,75.0,16.0
1490832171,75.0,16.0
1490832201,75.0,16.0
1490832231,75.0,16.0
1490832261,75.0,16.0
1490832291,75.0,16.0
1490832321,75.0,16.0
1490832351,75.0,16.0
1490832381,75.0,16.0
1490832411,75.0,16.0
1490832441,75.0,16.0
1490832471,75.0,16.0
1490832502,72.0,16.0
1490832532,71.0,16.0
1490832562,75.0,16.0
1490832592,75.0,16.0
1490832622,75.0,16.0
1490832652,72.0,16.0
1490832682,75.0,16.0
1490832712,75.0,16.0
1490832742,75.0,16.0
1490832772,75.0,16.0
1490832802,75.0,16.0
1490832832,75.0,16.0
1490832862,75.0,16.0
1490832892,75.0,16.0
1490832922,75.0,16.0
1490832952,75.0,16.0
1490832982,75.0,16.0
1490833012,75.0,16.0
1490833042,75.0,16.0
1490833072,75.0,16.0
1490833102,75.0,16.0
1490833132,75.0,16.0
1490833162,73.0,16.0
1490833192,76.0,16.0
1490833222,76.0,16.0
1490833252,76.0,16.0
1490833282,73.0,16.0
1490833312,76.0,16.0
1490833343,75.0,16.0
1490833373,76.0,16.0
1490833403,73.0,16.0
1490833433,76.0,16.0
1490833463,76.0,16.0
1490833493,76.0,16.0
1490833523,76.0,16.0
1490833553,76.0,16.0
1490833583,76.0,16.0
1490833613,73.0,16.0
1490833643,76.0,16.0
1490833673,76.0,16.0
1490833703,73.0,16.0
1490833733,76.0,16.0
1490833763,76.0,16.0
1490833793,76.0,16.0
1490833823,76.0,16.0
1490833853,76.0,16.0
1490833883,76.0,16.0
1490833913,76.0,16.0
1490833943,76.0,16.0
1490833973,76.0,16.0
1490834003,76.0,16.0
1490834033,76.0,16.0
1490834063,76.0,16.0
1490834093,76.0,16.0
1490834123,76.0,16.0
1490834153,73.0,16.0
1490834183,76.0,16.0
1490834213,76.0,16.0
1490834243,76.0,16.0
1490834273,76.0,16.0
1490834303,76.0,16.0
1490834334,76.0,16.0
1490834364,73.0,16.0
1490834394,76.0,16.0
1490834424,76.0,16.0
1490834454,76.0,16.0
1490834484,73.0,16.0
1490834514,76.0,16.0
1490834544,76.0,16.0
1490834574,73.0,16.0
1490834604,76.0,16.0
1490834634,76.0,16.0
1490834664,72.0,16.0
1490834694,71.0,16.0
1490834724,76.0,16.0
1490834754,76.0,16.0
1490834784,76.0,16.0
1490834814,76.0,16.0
1490834844,76.0,16.0
1490834874,74.0,16.0
1490834904,72.0,16.0
1490834934,76.0,16.0
1490834964,76.0,16.0
1490834995,73.0,16.0
1490835025,72.0,16.0
1490835055,76.0,16.0
1490835085,76.0,16.0
1490835115,76.0,16.0
1490835145,74.0,16.0
1490835175,76.0,16.0
1490835205,76.0,16.0
1490835235,74.0,16.0
1490835265,76.0,16.0
1490835295,76.0,16.0
1490835325,76.0,16.0
1490835355,73.0,16.0
1490835385,76.0,16.0
1490835415,76.0,16.0
1490835445,76.0,16.0
1490835475,76.0,16.0
1490835505,76.0,16.0
1490835535,76.0,16.0
1490835565,76.0,16.0
1490835595,76.0,16.0
1490835625,76.0,16.0
1490835655,76.0,16.0
1490835685,73.0,16.0
1490835715,76.0,16.0
1490835745,76.0,16.0
1490835775,77.0,16.0
1490835805,76.0,16.0
1490835835,76.0,16.0
1490835866,76.0,16.0
1490835896,74.0,16.0
1490835926,76.0,16.0
1490835956,76.0,16.0
1490835986,76.0,16.0
1490836016,73.0,16.0
1490836046,76.0,16.0
1490836076,76.0,16.0
1490836106,74.0,16.0
1490836136,76.0,16.0
1490836166,76.0,16.0
1490836196,76.0,16.0
1490836226,74.0,16.0
1490836256,76.0,16.0
1490836286,76.0,16.0
1490836316,76.0,16.0
1490836346,74.0,16.0
1490836376,77.0,16.0
1490836406,76.0,16.0
1490836436,76.0,16.0
1490836466,76.0,16.0
1490836496,76.0,16.0
1490836526,76.0,16.0
1490836556,76.0,16.0
1490836586,76.0,16.0
1490836616,76.0,16.0
1490836646,76.0,16.0
1490836676,76.0,16.0
1490836706,76.0,16.0
1490836736,76.0,16.0
1490836766,76.0,16.0
1490836797,76.0,16.0
1490836827,76.0,16.0
1490836857,76.0,16.0
1490836887,73.0,16.0
1490836917,76.0,16.0
1490836947,74.0,16.0
1490836977,76.0,16.0
1490837007,74.0,16.0
1490837037,76.0,16.0
1490837067,76.0,16.0
1490837097,73.0,16.0
1490837127,76.0,16.0
1490837157,76.0,16.0
1490837187,76.0,16.0
1490837217,76.0,16.0
1490837247,76.0,16.0
1490837277,76.0,16.0
1490837307,73.0,16.0
1490837337,72.0,16.0
1490837367,76.0,16.0
1490837397,76.0,16.0
1490837427,76.0,16.0
1490837457,76.0,16.0
1490837487,76.0,16.0
1490837517,76.0,16.0
1490837547,76.0,16.0
1490837578,76.0,16.0
1490837608,76.0,16.0
1490837638,76.0,16.0
1490837668,76.0,16.0
1490837698,76.0,16.0
1490837728,76.0,16.0
1490837758,73.0,16.0
1490837788,76.0,16.0
1490837818,76.0,16.0
1490837848,76.0,16.0
1490837878,73.0,16.0
1490837908,76.0,16.0
1490837938,76.0,16.0
1490837968,76.0,16.0
1490837998,76.0,16.0
1490838028,76.0,16.0
1490838058,76.0,16.0
1490838088,76.0,16.0
1490838118,76.0,16.0
1490838148,76.0,16.0
1490838178,76.0,16.0
1490838208,76.0,16.0
1490838238,76.0,16.0
1490838268,76.0,16.0
1490838298,76.0,16.0
1490838328,76.0,16.0
1490838358,76.0,16.0
1490838388,76.0,16.0
1490838418,76.0,16.0
1490838448,76.0,16.0
1490838478,76.0,16.0
1490838508,76.0,16.0
1490838538,76.0,16.0
1490838568,76.0,16.0
1490838598,77.0,16.0
1490838628,77.0,16.0
1490838658,77.0,16.0
1490838688,77.0,16.0
1490838719,74.0,16.0
1490838749,73.0,16.0
1490838779,78.0,16.0
1490838809,77.0,16.0
1490838839,74.0,16.0
1490838869,77.0,16.0
1490838899,77.0,16.0
1490838929,77.0,16.0
1490838959,77.0,16.0
1490838989,77.0,16.0
1490839019,77.0,16.0
1490839049,77.0,16.0
1490839079,77.0,16.0
1490839109,77.0,16.0
1490839139,77.0,16.0
1490839169,77.0,16.0
1490839199,77.0,16.0
1490839229,77.0,16.0
1490839259,77.0,16.0
1490839289,77.0,16.0
1490839319,77.0,16.0
1490839349,77.0,16.0
1490839379,77.0,16.0
1490839409,77.0,16.0
1490839439,77.0,16.0
1490839469,77.0,16.0
1490839499,77.0,16.0
1490839529,77.0,16.0
1490839559,77.0,16.0
1490839589,74.0,16.0
1490839619,77.0,16.0
1490839650,77.0,16.0
1490839680,74.0,16.0
1490839710,77.0,16.0
1490839740,77.0,16.0
1490839770,77.0,16.0
1490839800,77.0,16.0
1490839830,77.0,16.0
1490839860,77.0,16.0
1490839890,74.0,16.0
1490839920,77.0,16.0
1490839950,77.0,16.0
1490839980,77.0,16.0
1490840010,74.0,16.0
1490840040,77.0,16.0
1490840070,77.0,16.0
1490840100,77.0,16.0
1490840130,77.0,16.0
1490840160,77.0,16.0
1490840190,77.0,16.0
1490840220,77.0,16.0
1490840250,77.0,16.0
1490840280,77.0,16.0
1490840310,77.0,16.0
1490840340,77.0,16.0
1490840370,76.0,16.0
1490840400,76.0,16.0
1490840430,76.0,16.0
1490840460,77.0,16.0
1490840490,77.0,16.0
1490840520,77.0,16.0
1490840550,76.0,16.0
1490840580,77.0,16.0
1490840610,77.0,16.0
1490840640,77.0,16.0
1490840670,77.0,16.0
1490840700,77.0,16.0
1490840730,77.0,16.0
1490840760,77.0,16.0
1490840790,77.0,16.0
1490840821,77.0,16.0
1490840851,77.0,16.0
1490840881,77.0,16.0
1490840911,78.0,16.0
1490840941,78.0,16.0
1490840971,78.0,16.0
1490841001,78.0,16.0
1490841031,78.0,16.0
1490841061,74.0,16.0
1490841091,78.0,16.0
1490841121,78.0,16.0
1490841151,74.0,16.0
1490841181,78.0,16.0
1490841211,78.0,16.0
1490841241,78.0,16.0
1490841271,75.0,16.0
1490841301,78.0,16.0
1490841331,78.0,16.0
1490841361,78.0,16.0
1490841391,78.0,16.0
1490841421,78.0,16.0
1490841451,75.0,16.0
1490841481,74.0,16.0
1490841511,78.0,16.0
1490841541,78.0,16.0
1490841571,78.0,16.0
1490841601,78.0,16.0
1490841631,78.0,16.0
1490841662,78.0,16.0
1490841692,75.0,16.0
1490841722,78.0,16.0
1490841752,78.0,16.0
1490841782,75.0,16.0
1490841812,78.0,16.0
1490841842,78.0,16.0
1490841872,75.0,16.0
1490841902,78.0,16.0
1490841932,78.0,16.0
1490841962,78.0,16.0
1490841992,78.0,16.0
1490842022,78.0,16.0
1490842052,78.0,16.0
1490842082,75.0,16.0
1490842112,74.0,16.0
1490842142,79.0,16.0
1490842172,79.0,16.0
1490842202,79.0,16.0
1490842232,79.0,16.0
1490842262,79.0,16.0
1490842292,79.0,16.0
1490842322,78.0,16.0
1490842352,78.0,16.0
1490842382,78.0,16.0
1490842412,78.0,16.0
1490842442,78.0,16.0
1490842472,78.0,16.0
1490842502,78.0,16.0
1490842532,78.0,16.0
1490842563,78.0,16.0
1490842593,78.0,16.0
1490842623,78.0,16.0
1490842653,78.0,16.0
1490842683,79.0,16.0
1490842713,79.0,16.0
1490842743,78.0,16.0
1490842773,78.0,16.0
1490842803,78.0,16.0
1490842833,79.0,16.0
1490842863,79.0,16.0
1490842893,79.0,16.0
1490842923,78.0,16.0
1490842953,78.0,16.0
1490842983,78.0,16.0
1490843013,78.0,16.0
1490843043,79.0,16.0
1490843073,78.0,16.0
1490843103,79.0,16.0
1490843133,75.0,16.0
1490843163,79.0,16.0
1490843193,79.0,16.0
1490843223,75.0,16.0
1490843253,79.0,16.0
1490843283,79.0,16.0
1490843313,78.0,16.0
1490843343,78.0,16.0
1490843373,78.0,16.0
1490843403,78.0,16.0
1490843433,79.0,16.0
1490843463,78.0,16.0
1490843493,78.0,16.0
1490843523,78.0,16.0
1490843553,78.0,16.0
1490843583,78.0,16.0
1490843613,78.0,16.0
1490843644,75.0,16.0
1490843674,79.0,16.0
1490843704,79.0,16.0
1490843734,78.0,16.0
1490843764,79.0,16.0
1490843794,79.0,16.0
1490843824,79.0,16.0
1490843854,78.0,16.0
1490843884,78.0,16.0
1490843914,78.0,16.0
1490843944,75.0,16.0
1490843974,79.0,16.0
1490844004,79.0,16.0
1490844034,79.0,16.0
1490844064,79.0,16.0
1490844094,79.0,16.0
1490844124,79.0,16.0
1490844154,79.0,16.0
1490844184,79.0,16.0
1490844214,79.0,16.0
1490844244,79.0,16.0
1490844274,79.0,16.0
1490844304,79.0,16.0
1490844334,79.0,16.0
1490844364,79.0,16.0
1490844394,79.0,16.0
1490844424,76.0,16.0
1490844454,74.0,16.0
1490844484,79.0,16.0
1490844514,80.0,16.0
1490844544,80.0,16.0
1490844574,79.0,16.0
1490844604,79.0,16.0
1490844634,79.0,16.0
1490844664,79.0,16.0
1490844694,79.0,16.0
1490844725,79.0,16.0
1490844755,75.0,16.0
1490844785,79.0,16.0
1490844815,79.0,16.0
1490844845,79.0,16.0
1490844875,79.0,16.0
1490844905,78.0,16.0
1490844935,79.0,16.0
1490844965,79.0,16.0
1490844995,75.0,16.0
1490845025,79.0,16.0
1490845055,79.0,16.0
1490845085,79.0,16.0
1490845115,79.0,16.0
1490845145,80.0,16.0
1490845175,76.0,16.0
1490845205,81.0,16.0
1490845235,80.0,16.0
1490845265,79.0,16.0
1490845295,79.0,16.0
1490845325,79.0,16.0
1490845355,79.0,16.0
1490845385,75.0,16.0
1490845415,79.0,16.0
1490845445,79.0,16.0
1490845475,76.0,16.0
1490845505,79.0,16.0
1490845535,79.0,16.0
1490845566,79.0,16.0
1490845596,76.0,16.0
1490845626,79.0,16.0
1490845656,79.0,16.0
1490845686,79.0,16.0
1490845716,79.0,16.0
1490845746,79.0,16.0
1490845776,78.0,16.0
1490845806,75.0,16.0
1490845836,78.0,16.0
1490845866,78.0,16.0
1490845896,78.0,16.0
1490845926,78.0,16.0
1490845956,78.0,16.0
1490845986,78.0,16.0
1490846016,78.0,16.0
1490846046,78.0,16.0
1490846076,78.0,16.0
1490846106,75.0,16.0
1490846136,78.0,16.0
1490846166,78.0,16.0
1490846196,78.0,16.0
1490846226,78.0,16.0
1490846256,79.0,16.0
1490846286,78.0,16.0
1490846316,78.0,16.0
1490846346,78.0,16.0
1490846376,78.0,16.0
1490846406,75.0,16.0
1490846436,78.0,16.0
1490846466,78.0,16.0
1490846496,78.0,16.0
1490846526,78.0,16.0
1490846556,78.0,16.0
1490846587,78.0,16.0
1490846617,74.0,16.0
1490846647,78.0,16.0
1490846677,78.0,16.0
1490846707,78.0,16.0
1490846737,78.0,16.0
1490846767,78.0,16.0
1490846797,78.0,16.0
1490846827,74.0,16.0
1490846857,73.0,16.0
1490846887,78.0,16.0
1490846917,78.0,16.0
1490846947,75.0,16.0
1490846977,78.0,16.0
1490847007,78.0,16.0
1490847037,78.0,16.0
1490847067,75.0,16.0
1490847097,78.0,16.0
1490847127,78.0,16.0
1490847157,78.0,16.0
1490847187,78.0,16.0
1490847217,78.0,16.0
1490847247,78.0,16.0
1490847277,77.0,16.0
1490847307,77.0,16.0
1490847337,77.0,16.0
1490847367,74.0,16.0
1490847397,77.0,16.0
1490847427,77.0,16.0
1490847457,77.0,16.0
1490847488,77.0,16.0
1490847518,77.0,16.0
1490847548,77.0,16.0
1490847578,77.0,16.0
1490847608,77.0,16.0
1490847638,77.0,16.0
1490847668,77.0,16.0
1490847698,76.0,16.0
1490847728,77.0,16.0
1490847758,77.0,16.0
1490847788,74.0,16.0
1490847818,77.0,16.0
1490847848,77.0,16.0
1490847878,77.0,16.0
1490847908,77.0,16.0
1490847938,77.0,16.0
1490847968,77.0,16.0
1490847998,74.0,16.0
1490848028,77.0,16.0
1490848058,77.0,16.0
1490848088,77.0,16.0
1490848118,77.0,16.0
1490848148,76.0,16.0
1490848178,77.0,16.0
1490848208,74.0,16.0
1490848238,77.0,16.0
1490848268,77.0,16.0
1490848298,76.0,16.0
1490848328,74.0,16.0
1490848358,77.0,16.0
1490848389,77.0,16.0
1490848419,74.0,16.0
1490848449,77.0,16.0
1490848479,77.0,16.0
1490848509,76.0,16.0
1490848539,76.0,16.0
1490848569,76.0,16.0
1490848599,76.0,16.0
1490848629,76.0,16.0
1490848659,76.0,16.0
1490848689,76.0,16.0
1490848719,76.0,16.0
1490848749,74.0,16.0
1490848779,77.0,16.0
1490848809,77.0,16.0
1490848839,77.0,16.0
1490848869,77.0,16.0
1490848899,76.0,16.0
1490848929,77.0,16.0
1490848959,74.0,16.0
1490848989,77.0,16.0
1490849019,77.0,16.0
1490849049,77.0,16.0
1490849079,74.0,16.0
1490849109,77.0,16.0
1490849139,77.0,16.0
1490849169,74.0,16.0
1490849199,77.0,16.0
1490849229,77.0,16.0
1490849259,77.0,16.0
1490849289,76.0,16.0
1490849319,76.0,16.0
1490849349,77.0,16.0
1490849380,77.0,16.0
1490849410,74.0,16.0
1490849440,77.0,16.0
1490849470,77.0,16.0
1490849500,74.0,16.0
1490849530,77.0,16.0
1490849560,77.0,16.0
1490849590,77.0,16.0
1490849620,74.0,16.0
1490849650,77.0,16.0
1490849680,77.0,16.0
1490849710,77.0,16.0
1490849740,77.0,16.0
1490849770,74.0,16.0
1490849800,73.0,16.0
1490849830,78.0,16.0
1490849860,78.0,16.0
1490849890,78.0,16.0
1490849920,74.0,16.0
1490849950,78.0,16.0
1490849980,78.0,16.0
1490850010,77.0,16.0
1490850040,77.0,16.0
1490850070,78.0,16.0
1490850100,78.0,16.0
1490850130,77.0,16.0
1490850160,77.0,16.0
1490850190,78.0,16.0
1490850221,77.0,16.0
1490850251,74.0,16.0
1490850281,77.0,16.0
1490850311,77.0,16.0
1490850341,77.0,16.0
1490850371,77.0,16.0
1490850401,78.0,16.0
1490850431,78.0,16.0
1490850461,74.0,16.0
1490850491,78.0,16.0
1490850521,78.0,16.0
1490850551,78.0,16.0
1490850581,78.0,16.0
1490850611,78.0,16.0
1490850641,77.0,16.0
1490850671,77.0,16.0
1490850701,77.0,16.0
1490850731,77.0,16.0
1490850761,74.0,16.0
1490850791,77.0,16.0
1490850821,77.0,16.0
1490850851,77.0,16.0
1490850881,74.0,16.0
1490850911,77.0,16.0
1490850941,77.0,16.0
1490850971,74.0,16.0
1490851001,77.0,16.0
1490851031,77.0,16.0
1490851061,77.0,16.0
1490851091,77.0,16.0
1490851121,77.0,16.0
1490851152,77.0,16.0
1490851182,74.0,16.0
1490851212,77.0,16.0
1490851242,77.0,16.0
1490851272,77.0,16.0
1490851302,77.0,16.0
1490851332,77.0,16.0
1490851362,77.0,16.0
1490851392,74.0,16.0
1490851422,78.0,16.0
1490851452,77.0,16.0
1490851482,77.0,16.0
1490851512,78.0,16.0
1490851542,77.0,16.0
1490851572,78.0,16.0
1490851602,74.0,16.0
1490851632,77.0,16.0
1490851662,77.0,16.0
1490851692,77.0,16.0
1490851722,77.0,16.0
1490851752,77.0,16.0
1490851782,77.0,16.0
1490851812,74.0,16.0
1490851842,77.0,16.0
1490851872,77.0,16.0
1490851902,77.0,16.0
1490851932,77.0,16.0
1490851962,77.0,16.0
1490851992,77.0,16.0
1490852022,77.0,16.0
1490852052,77.0,16.0
1490852082,77.0,16.0
1490852113,74.0,16.0
1490852143,73.0,16.0
1490852173,77.0,16.0
1490852203,77.0,16.0
1490852233,77.0,16.0
1490852263,77.0,16.0
1490852293,77.0,16.0
1490852323,77.0,16.0
1490852353,77.0,16.0
1490852383,77.0,16.0
1490852413,77.0,16.0
1490852443,77.0,16.0
1490852473,77.0,16.0
1490852503,76.0,16.0
1490852533,76.0,16.0
1490852563,76.0,16.0
1490852593,76.0,16.0
1490852623,76.0,16.0
1490852653,76.0,16.0
1490852683,76.0,16.0
1490852713,76.0,16.0
1490852743,76.0,16.0
1490852773,76.0,16.0
1490852803,77.0,16.0
1490852833,77.0,16.0
1490852863,76.0,16.0
1490852893,76.0,16.0
1490852923,76.0,16.0
1490852953,76.0,16.0
1490852983,74.0,16.0
1490853013,76.0,16.0
1490853043,76.0,16.0
1490853073,76.0,16.0
1490853103,76.0,16.0
1490853133,76.0,16.0
1490853163,76.0,16.0
1490853193,76.0,16.0
1490853224,76.0,16.0
1490853254,76.0,16.0
1490853284,77.0,16.0
1490853314,77.0,16.0
1490853344,77.0,16.0
1490853374,77.0,16.0
1490853404,77.0,16.0
1490853434,76.0,16.0
1490853464,76.0,16.0
1490853494,76.0,16.0
1490853524,76.0,16.0
1490853554,76.0,16.0
1490853584,76.0,16.0
1490853614,76.0,16.0
1490853644,74.0,16.0
1490853674,76.0,16.0
1490853704,76.0,16.0
1490853734,76.0,16.0
1490853764,74.0,16.0
1490853794,76.0,16.0
1490853824,76.0,16.0
1490853854,74.0,16.0
1490853884,76.0,16.0
1490853914,76.0,16.0
1490853944,76.0,16.0
1490853974,76.0,16.0
1490854004,76.0,16.0
1490854034,76.0,16.0
1490854064,76.0,16.0
1490854094,74.0,16.0
1490854124,76.0,16.0
1490854155,76.0,16.0
1490854185,74.0,16.0
1490854215,76.0,16.0
1490854245,76.0,16.0
1490854275,76.0,16.0
1490854305,76.0,16.0
1490854335,76.0,16.0
1490854365,74.0,16.0
1490854395,72.0,16.0
1490854425,76.0,16.0
1490854455,76.0,16.0
1490854485,76.0,16.0
1490854515,76.0,16.0
1490854545,76.0,16.0
1490854575,76.0,16.0
1490854605,76.0,16.0
1490854635,76.0,16.0
1490854665,76.0,16.0
1490854695,76.0,16.0
1490854725,73.0,16.0
1490854755,76.0,16.0
1490854785,76.0,16.0
1490854815,76.0,16.0
1490854845,73.0,16.0
1490854875,76.0,16.0
1490854905,76.0,16.0
1490854935,76.0,16.0
1490854965,76.0,16.0
1490854995,76.0,16.0
1490855025,76.0,16.0
1490855055,76.0,16.0
1490855085,76.0,16.0
1490855115,76.0,16.0
1490855145,76.0,16.0
1490855176,76.0,16.0
1490855206,76.0,16.0
1490855236,76.0,16.0
1490855266,76.0,16.0
1490855296,75.0,16.0
1490855326,75.0,16.0
1490855356,71.0,16.0
1490855386,71.0,16.0
1490855416,75.0,16.0
1490855446,75.0,16.0
1490855476,75.0,16.0
1490855506,72.0,16.0
1490855536,75.0,16.0
1490855566,75.0,16.0
1490855596,73.0,16.0
1490855626,75.0,16.0
1490855656,75.0,16.0
1490855686,75.0,16.0
1490855716,75.0,16.0
1490855746,75.0,16.0
1490855776,75.0,16.0
1490855806,72.0,16.0
1490855836,75.0,16.0
1490855866,75.0,16.0
1490855896,75.0,16.0
1490855927,72.0,16.0
1490855957,75.0,16.0
1490855987,75.0,16.0
1490856017,75.0,16.0
1490856047,75.0,16.0
1490856077,75.0,16.0
1490856107,75.0,16.0
1490856137,72.0,16.0
1490856167,75.0,16.0
1490856197,75.0,16.0
1490856227,75.0,16.0
1490856257,73.0,16.0
1490856287,75.0,16.0
1490856317,75.0,16.0
1490856347,73.0,16.0
1490856377,76.0,16.0
1490856407,75.0,16.0
1490856437,72.0,16.0
1490856467,75.0,16.0
1490856497,75.0,16.0
1490856527,75.0,16.0
1490856557,75.0,16.0
1490856587,75.0,16.0
1490856617,75.0,16.0
1490856647,75.0,16.0
1490856677,75.0,16.0
1490856707,75.0,16.0
1490856737,76.0,16.0
1490856767,73.0,16.0
1490856797,76.0,16.0
1490856827,76.0,16.0
1490856858,76.0,16.0
1490856888,75.0,16.0
1490856918,75.0,16.0
1490856948,74.0,17.0
1490856978,75.0,16.0
1490857008,74.0,17.0
1490857038,75.0,16.0
1490857068,74.0,17.0
1490857098,71.0,17.0
1490857128,74.0,17.0
1490857158,74.0,17.0
1490857188,74.0,17.0
1490857218,74.0,17.0
1490857248,74.0,17.0
1490857278,74.0,17.0
1490857308,74.0,17.0
1490857338,74.0,17.0
1490857368,74.0,17.0
1490857398,74.0,17.0
1490857428,74.0,17.0
1490857458,74.0,17.0
1490857488,74.0,17.0
1490857518,74.0,17.0
1490857548,73.0,17.0
1490857578,74.0,17.0
1490857608,71.0,17.0
1490857638,74.0,17.0
1490857668,74.0,17.0
1490857698,73.0,17.0
1490857728,71.0,17.0
1490857758,74.0,17.0
1490857788,73.0,17.0
1490857818,73.0,17.0
1490857848,73.0,17.0
1490857878,73.0,17.0
1490857908,73.0,17.0
1490857939,73.0,17.0
1490857969,73.0,17.0
1490857999,73.0,17.0
1490858029,70.0,17.0
1490858059,73.0,17.0
1490858089,73.0,17.0
1490858119,73.0,17.0
1490858149,73.0,17.0
1490858179,73.0,17.0
1490858209,73.0,17.0
1490858239,73.0,17.0
1490858269,73.0,17.0
1490858299,73.0,17.0
1490858329,73.0,17.0
1490858359,73.0,17.0
1490858389,73.0,17.0
1490858419,73.0,17.0
1490858449,73.0,17.0
1490858479,70.0,17.0
1490858509,73.0,17.0
1490858539,73.0,17.0
1490858569,70.0,17.0
1490858599,73.0,17.0
1490858629,73.0,17.0
1490858659,73.0,17.0
1490858689,73.0,17.0
1490858719,73.0,17.0
1490858749,73.0,17.0
1490858779,73.0,17.0
1490858809,73.0,17.0
1490858839,73.0,17.0
1490858870,73.0,17.0
1490858900,70.0,17.0
1490858930,73.0,17.0
1490858960,73.0,17.0
1490858990,73.0,17.0
1490859020,73.0,17.0
1490859050,73.0,17.0
1490859080,73.0,17.0
1490859110,73.0,17.0
1490859140,73.0,17.0
1490859170,73.0,17.0
1490859200,70.0,17.0
1490859230,73.0,17.0
1490859260,73.0,17.0
1490859290,73.0,17.0
1490859320,73.0,17.0
1490859350,72.0,17.0
1490859380,72.0,17.0
1490859410,72.0,17.0
1490859440,69.0,17.0
1490859470,72.0,17.0
1490859500,72.0,17.0
1490859530,72.0,17.0
1490859560,72.0,17.0
1490859590,72.0,17.0
1490859620,69.0,17.0
1490859650,67.0,17.0
1490859680,72.0,17.0
1490859710,72.0,17.0
1490859740,72.0,17.0
1490859770,72.0,17.0
1490859800,72.0,17.0
1490859830,72.0,17.0
1490859861,72.0,17.0
1490859891,71.0,17.0
1490859921,71.0,17.0
1490859951,71.0,17.0
1490859981,71.0,17.0
1490860011,71.0,17.0
1490860041,71.0,17.0
1490860071,71.0,17.0
1490860101,71.0,17.0
1490860131,71.0,17.0
1490860161,71.0,17.0
1490860191,67.0,17.0
1490860221,71.0,17.0
1490860251,67.0,17.0
1490860281,66.0,17.0
1490860311,70.0,17.0
1490860341,67.0,17.0
1490860371,70.0,17.0
1490860401,67.0,17.0
1490860431,70.0,17.0
1490860461,70.0,17.0
1490860491,70.0,17.0
1490860521,70.0,17.0
1490860551,70.0,17.0
1490860581,70.0,17.0
1490860611,70.0,17.0
1490860641,70.0,17.0
1490860672,70.0,17.0
1490860702,67.0,17.0
1490860732,70.0,17.0
1490860762,70.0,17.0
1490860792,70.0,17.0
1490860822,70.0,17.0
1490860852,69.0,17.0
1490860882,69.0,17.0
1490860912,69.0,17.0
1490860942,69.0,17.0
1490860972,69.0,17.0
1490861002,69.0,17.0
1490861032,66.0,17.0
1490861062,69.0,17.0
1490861092,69.0,17.0
1490861122,69.0,17.0
1490861152,69.0,17.0
1490861182,69.0,17.0
1490861212,69.0,17.0
1490861242,66.0,17.0
1490861272,69.0,17.0
1490861302,69.0,17.0
1490861332,68.0,17.0
1490861362,66.0,17.0
1490861392,69.0,17.0
1490861422,68.0,17.0
1490861452,66.0,17.0
1490861482,68.0,17.0
1490861512,68.0,17.0
1490861542,68.0,17.0
1490861572,68.0,17.0
1490861603,68.0,17.0
1490861633,68.0,17.0
1490861663,65.0,17.0
1490861693,68.0,17.0
1490861723,68.0,17.0
1490861753,65.0,17.0
1490861783,65.0,17.0
1490861813,68.0,17.0
1490861843,68.0,17.0
1490861873,68.0,17.0
1490861903,68.0,17.0
1490861933,68.0,17.0
1490861963,68.0,17.0
1490861993,65.0,17.0
1490862023,68.0,17.0
1490862053,68.0,17.0
1490862083,68.0,17.0
1490862113,65.0,17.0
1490862143,68.0,17.0
1490862173,68.0,17.0
1490862203,68.0,17.0
1490862233,68.0,17.0
1490862263,67.0,17.0
1490862293,67.0,17.0
1490862323,67.0,17.0
1490862353,67.0,17.0
1490862383,67.0,17.0
1490862413,67.0,17.0
1490862444,65.0,17.0
1490862474,67.0,17.0
1490862504,67.0,17.0
1490862534,67.0,17.0
1490862564,67.0,17.0
1490862594,67.0,17.0
1490862624,67.0,17.0
1490862654,65.0,17.0
1490862684,67.0,17.0
1490862714,67.0,17.0
1490862744,67.0,17.0
1490862774,65.0,17.0
1490862804,67.0,17.0
1490862834,67.0,17.0
1490862864,64.0,17.0
1490862894,67.0,17.0
1490862924,67.0,17.0
1490862954,67.0,17.0
1490862984,67.0,17.0
1490863014,67.0,17.0
1490863044,67.0,17.0
1490863074,67.0,17.0
1490863104,64.0,17.0
1490863134,67.0,17.0
1490863164,67.0,17.0
1490863194,67.0,17.0
1490863224,64.0,17.0
1490863254,67.0,17.0
1490863285,67.0,17.0
1490863315,64.0,17.0
1490863345,67.0,17.0
1490863375,67.0,17.0
1490863405,67.0,17.0
1490863435,67.0,17.0
1490863465,67.0,17.0
1490863495,67.0,17.0
1490863525,67.0,17.0
1490863555,67.0,17.0
1490863585,67.0,17.0
1490863615,67.0,17.0
1490863645,67.0,17.0
1490863675,67.0,17.0
1490863705,67.0,17.0
1490863735,67.0,17.0
1490863765,64.0,17.0
1490863795,67.0,17.0
1490863825,67.0,17.0
1490863855,67.0,17.0
1490863885,67.0,17.0
1490863915,67.0,17.0
1490863945,66.0,17.0
1490863975,64.0,17.0
1490864005,66.0,17.0
1490864035,66.0,17.0
1490864065,66.0,17.0
1490864095,64.0,17.0
1490864125,66.0,17.0
1490864155,66.0,17.0
1490864185,66.0,17.0
1490864215,66.0,17.0
1490864245,66.0,17.0
1490864276,66.0,17.0
1490864306,66.0,17.0
1490864336,66.0,17.0
1490864366,66.0,17.0
1490864396,66.0,17.0
1490864426,66.0,17.0
1490864456,66.0,17.0
1490864486,66.0,17.0
1490864516,66.0,17.0
1490864546,66.0,17.0
1490864576,66.0,17.0
1490864606,64.0,17.0
1490864636,66.0,17.0
1490864666,66.0,17.0
1490864696,66.0,17.0
1490864726,66.0,17.0
1490864756,66.0,17.0
1490864786,66.0,17.0
1490864816,64.0,17.0
1490864846,62.0,17.0
1490864876,66.0,17.0
1490864906,66.0,17.0
1490864936,66.0,17.0
1490864966,66.0,17.0
1490864996,66.0,17.0
1490865026,66.0,17.0
1490865056,66.0,17.0
1490865086,64.0,17.0
1490865116,66.0,17.0
1490865146,66.0,17.0
1490865177,64.0,17.0
1490865207,66.0,17.0
1490865237,66.0,17.0
1490865267,66.0,17.0
1490865297,66.0,17.0
1490865327,66.0,17.0
1490865357,66.0,17.0
1490865387,64.0,17.0
1490865417,61.0,18.0
1490865447,66.0,17.0
1490865477,66.0,17.0
1490865507,66.0,17.0
1490865537,66.0,17.0
1490865567,66.0,17.0
1490865597,66.0,17.0
1490865627,66.0,17.0
1490865657,66.0,17.0
1490865687,66.0,17.0
1490865717,66.0,17.0
1490865747,66.0,17.0
1490865777,66.0,17.0
1490865807,66.0,17.0
1490865837,63.0,17.0
1490865867,61.0,17.0
1490865897,66.0,17.0
1490865927,66.0,17.0
1490865957,66.0,17.0
1490865988,66.0,17.0
1490866018,66.0,17.0
1490866048,66.0,17.0
1490866078,66.0,18.0
1490866108,66.0,17.0
1490866138,66.0,17.0
1490866168,66.0,18.0
1490866198,65.0,17.0
1490866228,66.0,17.0
1490866258,66.0,17.0
1490866288,63.0,18.0
1490866318,66.0,18.0
1490866348,66.0,18.0
1490866378,66.0,18.0
1490866408,66.0,18.0
1490866438,66.0,18.0
1490866468,65.0,18.0
1490866498,63.0,18.0
1490866528,60.0,18.0
1490866558,65.0,18.0
1490866588,65.0,18.0
1490866618,65.0,18.0
1490866648,63.0,18.0
1490866678,65.0,17.0
1490866708,65.0,18.0
1490866738,63.0,18.0
1490866768,65.0,18.0
1490866799,65.0,18.0
1490866829,63.0,18.0
1490866859,65.0,18.0
1490866889,65.0,17.0
1490866919,65.0,18.0
1490866949,65.0,18.0
1490866979,65.0,18.0
1490867009,65.0,18.0
1490867039,65.0,18.0
1490867069,64.0,18.0
1490867099,65.0,18.0
1490867129,65.0,18.0
1490867159,65.0,18.0
1490867189,64.0,18.0
1490867219,65.0,18.0
1490867249,65.0,18.0
1490867279,65.0,18.0
1490867309,63.0,18.0
1490867339,65.0,18.0
1490867369,65.0,18.0
1490867399,65.0,18.0
1490867429,64.0,18.0
1490867459,65.0,18.0
1490867489,65.0,18.0
1490867519,65.0,18.0
1490867549,65.0,18.0
1490867579,65.0,18.0
1490867610,65.0,18.0
1490867640,64.0,18.0
1490867670,65.0,18.0
1490867700,65.0,18.0
1490867730,65.0,18.0
1490867760,65.0,18.0
1490867790,65.0,18.0
1490867820,65.0,18.0
1490867850,65.0,18.0
1490867880,65.0,18.0
1490867910,65.0,18.0
1490867940,65.0,18.0
1490867970,65.0,18.0
1490868000,65.0,18.0
1490868030,65.0,18.0
1490868060,65.0,18.0
1490868090,65.0,18.0
1490868120,63.0,18.0
1490868150,65.0,18.0
1490868180,65.0,18.0
1490868210,63.0,18.0
1490868240,60.0,18.0
1490868270,65.0,18.0
1490868300,65.0,18.0
1490868331,65.0,18.0
1490868361,63.0,18.0
1490868391,65.0,18.0
1490868421,65.0,18.0
1490868451,65.0,18.0
1490868481,65.0,18.0
1490868511,65.0,18.0
1490868541,65.0,18.0
1490868571,65.0,18.0
1490868601,65.0,18.0
1490868631,65.0,18.0
1490868661,65.0,18.0
1490868691,65.0,18.0
1490868721,65.0,18.0
1490868751,65.0,18.0
1490868781,65.0,18.0
1490868811,65.0,18.0
1490868841,65.0,18.0
1490868871,65.0,18.0
1490868901,65.0,18.0
1490868931,65.0,18.0
1490868961,65.0,18.0
1490868991,65.0,18.0
1490869021,65.0,18.0
1490869051,65.0,18.0
1490869081,65.0,18.0
1490869111,65.0,18.0
1490869141,65.0,18.0
1490869171,65.0,18.0
1490869201,65.0,18.0
1490869231,65.0,18.0
1490869261,65.0,18.0
1490869291,65.0,18.0
1490869321,65.0,18.0
1490869351,63.0,18.0
1490869381,65.0,18.0
1490869411,65.0,18.0
1490869442,63.0,18.0
1490869472,60.0,18.0
1490869502,65.0,18.0
1490869532,65.0,18.0
1490869562,65.0,18.0
1490869592,65.0,18.0
1490869622,65.0,18.0
1490869652,65.0,18.0
1490869682,65.0,18.0
1490869712,65.0,18.0
1490869742,65.0,18.0
1490869772,65.0,18.0
1490869802,63.0,18.0
1490869832,65.0,18.0
1490869862,63.0,18.0
1490869892,65.0,18.0
1490869922,65.0,18.0
1490869952,65.0,18.0
1490869982,63.0,18.0
1490870012,65.0,18.0
1490870042,65.0,18.0
1490870073,65.0,18.0
1490870103,63.0,18.0
1490870133,65.0,18.0
1490870163,65.0,18.0
1490870193,63.0,18.0
1490870223,59.0,18.0
1490870253,65.0,18.0
1490870283,65.0,18.0
1490870313,65.0,18.0
1490870343,65.0,18.0
1490870373,65.0,18.0
1490870403,65.0,18.0
1490870433,65.0,18.0
1490870463,65.0,18.0
1490870493,65.0,18.0
1490870523,65.0,18.0
1490870553,65.0,18.0
1490870583,65.0,18.0
1490870613,65.0,18.0
1490870643,65.0,18.0
1490870673,65.0,18.0
1490870703,63.0,18.0
1490870733,65.0,18.0
1490870763,65.0,18.0
1490870793,65.0,18.0
1490870823,65.0,18.0
1490870853,65.0,18.0
1490870884,65.0,18.0
1490870914,63.0,18.0
1490870944,65.0,18.0
1490870974,65.0,18.0
1490871004,65.0,18.0
1490871034,65.0,18.0
1490871064,65.0,18.0
1490871094,65.0,18.0
1490871124,63.0,18.0
1490871154,65.0,18.0
1490871184,65.0,18.0
1490871214,65.0,18.0
1490871244,65.0,18.0
1490871274,65.0,18.0
1490871304,65.0,18.0
1490871334,65.0,18.0
1490871364,65.0,18.0
1490871394,65.0,18.0
1490871424,65.0,18.0
1490871454,65.0,18.0
1490871484,65.0,18.0
1490871514,65.0,18.0
1490871544,65.0,18.0
1490871574,65.0,18.0
1490871604,62.0,18.0
1490871634,65.0,18.0
1490871664,65.0,18.0
1490871694,65.0,18.0
1490871724,65.0,18.0
1490871754,65.0,18.0
1490871785,65.0,18.0
1490871815,62.0,18.0
1490871845,65.0,18.0
1490871875,65.0,18.0
1490871905,65.0,18.0
1490871935,65.0,18.0
1490871965,62.0,18.0
1490871995,65.0,18.0
1490872025,65.0,18.0
1490872055,65.0,18.0
1490872085,65.0,18.0
1490872115,65.0,18.0
1490872145,65.0,18.0
1490872175,62.0,18.0
1490872205,65.0,18.0
1490872235,62.0,18.0
1490872265,65.0,18.0
1490872295,65.0,18.0
1490872325,65.0,18.0
1490872355,65.0,18.0
1490872385,65.0,18.0
1490872416,65.0,18.0
1490872446,62.0,18.0
1490872476,65.0,18.0
1490872506,65.0,18.0
1490872536,65.0,18.0
1490872566,65.0,18.0
1490872596,65.0,18.0
1490872626,65.0,18.0
1490872656,65.0,18.0
1490872686,65.0,18.0
1490872716,65.0,18.0
1490872746,65.0,18.0
1490872776,65.0,18.0
1490872806,65.0,18.0
1490872836,65.0,18.0
1490872866,65.0,18.0
1490872896,65.0,18.0
1490872926,65.0,18.0
1490872956,65.0,18.0
1490872986,65.0,18.0
1490873016,65.0,18.0
1490873046,65.0,18.0
1490873076,65.0,18.0
1490873106,65.0,18.0
1490873136,65.0,18.0
1490873166,65.0,18.0
1490873196,65.0,18.0
1490873226,65.0,18.0
1490873256,65.0,18.0
1490873286,65.0,18.0
1490873316,65.0,18.0
1490873346,61.0,18.0
1490873376,65.0,18.0
1490873406,65.0,18.0
1490873437,65.0,18.0
1490873467,61.0,18.0
1490873497,65.0,18.0
1490873527,65.0,18.0
1490873557,65.0,18.0
1490873587,65.0,18.0
1490873617,65.0,18.0
1490873647,65.0,18.0
1490873677,65.0,18.0
1490873707,61.0,18.0
1490873737,65.0,18.0
1490873767,65.0,18.0
1490873797,65.0,18.0
1490873827,65.0,18.0
1490873857,65.0,18.0
1490873887,64.0,19.0
1490873917,61.0,18.0
1490873947,65.0,18.0
1490873977,65.0,18.0
1490874007,65.0,18.0
1490874037,65.0,18.0
1490874067,64.0,19.0
1490874097,65.0,18.0
1490874127,64.0,19.0
1490874157,65.0,18.0
1490874187,65.0,18.0
1490874217,65.0,18.0
1490874247,65.0,18.0
1490874277,65.0,18.0
1490874307,64.0,19.0
1490874337,65.0,18.0
1490874367,65.0,18.0
1490874397,65.0,18.0
1490874428,64.0,19.0
1490874458,65.0,18.0
1490874488,65.0,18.0
1490874518,65.0,18.0
1490874548,65.0,18.0
1490874578,65.0,18.0
1490874608,64.0,19.0
1490874638,65.0,18.0
1490874668,65.0,18.0
1490874698,64.0,19.0
1490874728,60.0,19.0
1490874758,65.0,18.0
1490874788,65.0,18.0
1490874818,61.0,18.0
1490874848,65.0,18.0
1490874878,65.0,18.0
1490874908,65.0,18.0
1490874938,65.0,18.0
1490874968,65.0,18.0
1490874998,65.0,18.0
1490875028,65.0,18.0
1490875058,65.0,18.0
1490875088,61.0,18.0
1490875118,65.0,18.0
1490875149,65.0,18.0
1490875179,61.0,18.0
1490875209,65.0,18.0
1490875239,65.0,18.0
1490875269,65.0,18.0
1490875299,65.0,18.0
1490875329,65.0,18.0
1490875359,65.0,18.0
1490875389,64.0,19.0
1490875419,65.0,18.0
1490875449,65.0,18.0
1490875479,65.0,18.0
1490875509,65.0,18.0
1490875539,60.0,19.0
1490875569,65.0,18.0
1490875599,64.0,19.0
1490875629,65.0,18.0
1490875659,65.0,18.0
1490875689,65.0,18.0
1490875719,65.0,18.0
1490875749,61.0,18.0
1490875779,65.0,18.0
1490875809,65.0,18.0
1490875839,65.0,18.0
1490875869,65.0,18.0
1490875899,61.0,18.0
1490875929,64.0,19.0
1490875959,65.0,18.0
1490875989,65.0,18.0
1490876020,65.0,18.0
1490876050,65.0,18.0
1490876080,64.0,19.0
1490876110,60.0,19.0
1490876140,57.0,19.0
1490876170,64.0,19.0
1490876200,65.0,18.0
1490876230,64.0,19.0
1490876260,64.0,19.0
1490876290,64.0,19.0
1490876320,65.0,18.0
1490876350,65.0,18.0
1490876380,63.0,19.0
1490876410,64.0,19.0
1490876440,64.0,18.0
1490876470,63.0,19.0
1490876500,64.0,19.0
1490876530,64.0,19.0
1490876560,61.0,18.0
1490876590,64.0,19.0
1490876620,65.0,18.0
1490876650,65.0,18.0
1490876680,61.0,18.0
1490876710,63.0,19.0
1490876741,64.0,18.0
1490876771,60.0,19.0
1490876801,64.0,18.0
1490876831,65.0,18.0
1490876861,65.0,18.0
1490876891,60.0,19.0
1490876921,64.0,18.0
1490876951,64.0,18.0
1490876981,64.0,18.0
1490877011,60.0,19.0
1490877041,63.0,19.0
1490877071,64.0,18.0
1490877101,63.0,19.0
1490877131,63.0,19.0
1490877161,64.0,18.0
1490877191,63.0,19.0
1490877221,64.0,18.0
1490877251,65.0,18.0
1490877281,64.0,18.0
1490877311,63.0,19.0
1490877341,60.0,19.0
1490877371,64.0,18.0
1490877401,60.0,19.0
1490877431,64.0,18.0
1490877461,64.0,18.0
1490877492,64.0,18.0
1490877522,60.0,19.0
1490877552,63.0,19.0
1490877582,64.0,18.0
1490877612,59.0,19.0
1490877642,58.0,18.0
1490877672,64.0,18.0
1490877702,63.0,19.0
1490877732,63.0,19.0
1490877762,63.0,19.0
1490877792,63.0,19.0
1490877822,64.0,18.0
1490877852,64.0,18.0
1490877882,60.0,19.0
1490877912,63.0,19.0
1490877942,64.0,18.0
1490877972,63.0,19.0
1490878002,63.0,19.0
1490878032,64.0,18.0
1490878062,64.0,18.0
1490878092,64.0,18.0
1490878122,63.0,19.0
1490878152,63.0,19.0
1490878182,64.0,18.0
1490878212,63.0,19.0
1490878242,64.0,18.0
1490878272,64.0,18.0
1490878302,63.0,19.0
1490878332,64.0,18.0
1490878362,63.0,19.0
1490878392,64.0,18.0
1490878423,64.0,18.0
1490878453,64.0,18.0
1490878483,64.0,18.0
1490878513,64.0,18.0
1490878543,59.0,19.0
1490878573,63.0,19.0
1490878603,63.0,19.0
1490878633,64.0,18.0
1490878663,63.0,19.0
1490878693,63.0,19.0
1490878723,64.0,18.0
1490878753,64.0,18.0
1490878783,59.0,19.0
1490878813,63.0,19.0
1490878843,63.0,19.0
1490878873,63.0,19.0
1490878903,59.0,19.0
1490878933,64.0,18.0
1490878963,63.0,19.0
1490878993,63.0,19.0
1490879023,63.0,19.0
1490879053,63.0,19.0
1490879084,59.0,19.0
1490879114,56.0,19.0
1490879144,64.0,18.0
1490879174,64.0,18.0
1490879204,63.0,19.0
1490879234,63.0,19.0
1490879264,59.0,19.0
1490879294,63.0,19.0
1490879324,63.0,19.0
1490879354,63.0,19.0
1490879384,59.0,19.0
1490879414,63.0,19.0
1490879444,63.0,19.0
1490879474,63.0,19.0
1490879504,63.0,19.0
1490879534,64.0,18.0
1490879564,63.0,19.0
1490879594,59.0,19.0
1490879624,63.0,19.0
1490879654,63.0,19.0
1490879684,63.0,19.0
1490879714,63.0,19.0
1490879744,63.0,19.0
1490879774,63.0,19.0
1490879804,63.0,19.0
1490879834,63.0,19.0
1490879864,63.0,19.0
1490879895,63.0,19.0
1490879925,63.0,19.0
1490879955,63.0,19.0
1490879985,63.0,19.0
1490880015,63.0,19.0
1490880045,63.0,19.0
1490880075,63.0,19.0
1490880105,63.0,19.0
1490880135,63.0,19.0
1490880165,63.0,19.0
1490880195,58.0,19.0
1490880225,63.0,19.0
1490880255,63.0,19.0
1490880285,63.0,19.0
1490880315,63.0,19.0
1490880345,63.0,19.0
1490880375,63.0,19.0
1490880405,58.0,19.0
1490880435,55.0,19.0
1490880465,63.0,19.0
1490880495,63.0,19.0
1490880525,63.0,19.0
1490880555,63.0,19.0
1490880585,58.0,19.0
1490880615,63.0,19.0
1490880645,63.0,19.0
1490880675,63.0,19.0
1490880706,63.0,19.0
1490880736,63.0,19.0
1490880766,63.0,19.0
1490880796,63.0,19.0
1490880826,58.0,19.0
1490880856,63.0,19.0
1490880886,63.0,19.0
1490880916,58.0,19.0
1490880946,54.0,19.0
1490880976,63.0,19.0
1490881006,63.0,19.0
1490881036,63.0,19.0
1490881066,63.0,19.0
1490881096,63.0,19.0
1490881126,63.0,19.0
1490881156,63.0,19.0
1490881186,63.0,19.0
1490881216,63.0,19.0
1490881246,63.0,19.0
1490881276,63.0,19.0
1490881306,63.0,19.0
1490881336,63.0,19.0
1490881367,63.0,19.0
1490881397,63.0,19.0
1490881427,63.0,19.0
1490881457,58.0,19.0
1490881487,63.0,19.0
1490881517,63.0,19.0
1490881547,63.0,19.0
1490881577,63.0,19.0
1490881607,63.0,19.0
1490881637,63.0,19.0
1490881667,63.0,19.0
1490881697,58.0,19.0
1490881727,63.0,19.0
1490881757,63.0,19.0
1490881787,58.0,19.0
1490881817,63.0,19.0
1490881847,63.0,19.0
1490881877,63.0,19.0
1490881907,58.0,19.0
1490881937,63.0,19.0
1490881967,63.0,19.0
1490881997,63.0,19.0
1490882027,63.0,19.0
1490882057,63.0,19.0
1490882087,63.0,19.0
1490882117,63.0,19.0
1490882147,63.0,19.0
1490882177,63.0,19.0
1490882208,63.0,19.0
1490882238,58.0,19.0
1490882268,63.0,19.0
1490882298,63.0,19.0
1490882328,63.0,19.0
1490882358,58.0,19.0
1490882388,63.0,19.0
1490882418,63.0,19.0
1490882448,63.0,19.0
1490882478,63.0,19.0
1490882508,63.0,19.0
1490882538,63.0,19.0
1490882568,63.0,19.0
1490882598,63.0,19.0
1490882628,63.0,19.0
1490882658,63.0,19.0
1490882688,57.0,19.0
1490882718,63.0,19.0
1490882748,63.0,19.0
1490882778,63.0,19.0
1490882808,63.0,19.0
1490882838,63.0,19.0
1490882868,63.0,19.0
1490882898,57.0,19.0
1490882928,63.0,19.0
1490882959,63.0,19.0
1490882989,63.0,19.0
1490883019,63.0,19.0
1490883049,57.0,19.0
1490883079,63.0,19.0
1490883109,63.0,19.0
1490883139,63.0,19.0
1490883169,63.0,19.0
1490883199,63.0,19.0
1490883229,63.0,19.0
1490883259,63.0,19.0
1490883289,63.0,19.0
1490883319,63.0,19.0
1490883349,57.0,19.0
1490883379,63.0,19.0
1490883409,63.0,19.0
1490883439,63.0,19.0
1490883469,63.0,19.0
1490883499,63.0,19.0
1490883529,57.0,19.0
1490883559,52.0,19.0
1490883589,63.0,19.0
1490883619,63.0,19.0
1490883649,63.0,19.0
1490883679,63.0,19.0
1490883709,63.0,19.0
1490883739,63.0,19.0
1490883770,63.0,19.0
1490883800,63.0,19.0
1490883830,63.0,19.0
1490883860,63.0,19.0
1490883890,63.0,19.0
1490883920,63.0,19.0
1490883950,63.0,19.0
1490883980,57.0,19.0
1490884010,63.0,19.0
1490884040,63.0,19.0
1490884070,63.0,19.0
1490884100,63.0,19.0
1490884130,63.0,19.0
1490884160,63.0,19.0
1490884190,63.0,19.0
1490884220,63.0,19.0
1490884250,63.0,19.0
1490884280,63.0,19.0
1490884310,57.0,19.0
1490884340,63.0,19.0
1490884370,63.0,19.0
1490884400,63.0,19.0
1490884430,57.0,19.0
1490884460,63.0,19.0
1490884490,63.0,19.0
1490884520,63.0,19.0
1490884550,57.0,19.0
1490884580,63.0,19.0
1490884611,63.0,19.0
1490884641,57.0,19.0
1490884671,63.0,19.0
1490884701,63.0,19.0
1490884731,63.0,19.0
1490884761,57.0,19.0
1490884791,63.0,19.0
1490884821,63.0,19.0
1490884851,63.0,19.0
1490884881,57.0,19.0
1490884911,63.0,19.0
1490884941,63.0,19.0
1490884971,63.0,19.0
1490885001,63.0,19.0
1490885031,63.0,19.0
1490885061,57.0,19.0
1490885091,63.0,19.0
1490885121,57.0,19.0
1490885151,63.0,19.0
1490885181,63.0,19.0
1490885211,63.0,19.0
1490885241,63.0,19.0
1490885271,63.0,19.0
1490885301,62.0,19.0
1490885332,63.0,19.0
1490885362,62.0,19.0
1490885392,63.0,19.0
1490885422,63.0,19.0
1490885452,62.0,19.0
1490885482,63.0,19.0
1490885512,63.0,19.0
1490885542,63.0,19.0
1490885572,63.0,19.0
1490885602,63.0,19.0
1490885632,62.0,19.0
1490885662,57.0,19.0
1490885692,62.0,19.0
1490885722,62.0,19.0
1490885752,62.0,19.0
1490885782,63.0,19.0
1490885812,62.0,19.0
1490885842,57.0,19.0
1490885872,63.0,19.0
1490885902,57.0,19.0
1490885932,62.0,19.0
1490885962,62.0,19.0
1490885992,62.0,19.0
1490886022,63.0,19.0
1490886052,62.0,19.0
1490886083,62.0,19.0
1490886113,62.0,19.0
1490886143,57.0,19.0
1490886173,62.0,19.0
1490886203,62.0,19.0
1490886233,62.0,19.0
1490886263,62.0,19.0
1490886293,56.0,19.0
1490886323,63.0,19.0
1490886353,57.0,19.0
1490886383,52.0,19.0
1490886413,62.0,19.0
1490886443,63.0,19.0
1490886473,62.0,19.0
1490886503,62.0,19.0
1490886533,57.0,19.0
1490886563,62.0,19.0
1490886593,62.0,19.0
1490886623,62.0,19.0
1490886653,62.0,19.0
1490886683,62.0,19.0
1490886714,62.0,19.0
1490886744,62.0,19.0
1490886774,56.0,19.0
1490886804,62.0,19.0
1490886834,62.0,19.0
1490886864,62.0,19.0
1490886894,62.0,19.0
1490886924,62.0,19.0
1490886954,62.0,19.0
1490886984,62.0,19.0
1490887014,62.0,19.0
1490887044,62.0,19.0
1490887074,62.0,19.0
1490887104,62.0,19.0
1490887134,62.0,19.0
1490887164,62.0,19.0
1490887194,62.0,19.0
1490887224,62.0,19.0
1490887254,62.0,19.0
1490887284,56.0,19.0
1490887314,62.0,19.0
1490887344,62.0,19.0
1490887374,62.0,19.0
1490887404,62.0,19.0
1490887434,62.0,19.0
1490887464,62.0,19.0
1490887494,62.0,19.0
1490887524,56.0,19.0
1490887554,62.0,19.0
1490887585,62.0,19.0
1490887615,56.0,19.0
1490887645,62.0,19.0
1490887675,62.0,19.0
1490887705,62.0,19.0
1490887735,62.0,19.0
1490887765,62.0,19.0
1490887795,62.0,19.0
1490887825,62.0,19.0
1490887855,62.0,19.0
1490887885,62.0,19.0
1490887915,62.0,19.0
1490887945,62.0,19.0
1490887975,56.0,19.0
1490888005,62.0,19.0
1490888035,62.0,19.0
1490888065,62.0,19.0
1490888095,62.0,19.0
1490888125,62.0,19.0
1490888155,62.0,19.0
1490888185,56.0,19.0
1490888215,62.0,19.0
1490888245,62.0,19.0
1490888275,56.0,19.0
1490888305,62.0,19.0
1490888335,62.0,19.0
1490888366,62.0,19.0
1490888396,56.0,19.0
1490888426,62.0,19.0
1490888456,62.0,19.0
1490888486,62.0,19.0
1490888516,62.0,19.0
1490888546,62.0,19.0
1490888576,62.0,19.0
1490888606,62.0,19.0
1490888636,62.0,19.0
1490888666,62.0,19.0
1490888696,62.0,19.0
1490888726,55.0,19.0
1490888756,62.0,19.0
1490888786,62.0,19.0
1490888816,62.0,19.0
1490888846,62.0,19.0
1490888876,55.0,19.0
1490888906,62.0,19.0
1490888936,55.0,19.0
1490888966,52.0,19.0
1490888996,62.0,19.0
1490889026,62.0,19.0
1490889056,62.0,19.0
1490889087,62.0,19.0
1490889117,55.0,19.0
1490889147,62.0,19.0
1490889177,62.0,19.0
1490889207,62.0,19.0
1490889237,62.0,19.0
1490889267,62.0,19.0
1490889297,62.0,19.0
1490889327,62.0,19.0
1490889357,56.0,19.0
1490889387,62.0,19.0
1490889417,62.0,19.0
1490889447,56.0,19.0
1490889477,55.0,19.0
1490889507,51.0,19.0
1490889537,62.0,19.0
1490889567,62.0,19.0
1490889597,62.0,19.0
1490889627,62.0,19.0
1490889658,62.0,19.0
1490889688,62.0,19.0
1490889718,62.0,19.0
1490889748,56.0,19.0
1490889778,62.0,19.0
1490889808,62.0,19.0
1490889838,62.0,19.0
1490889868,55.0,19.0
1490889898,62.0,19.0
1490889928,62.0,19.0
1490889958,62.0,19.0
1490889988,62.0,19.0
1490890018,62.0,19.0
1490890048,62.0,19.0
1490890078,62.0,19.0
1490890108,62.0,19.0
1490890138,62.0,19.0
1490890168,62.0,19.0
1490890198,62.0,19.0
1490890228,62.0,19.0
1490890258,62.0,19.0
1490890288,62.0,19.0
1490890318,55.0,19.0
1490890348,62.0,19.0
1490890378,62.0,19.0
1490890408,62.0,19.0
1490890438,62.0,19.0
1490890468,62.0,19.0
1490890499,62.0,19.0
1490890529,56.0,19.0
1490890559,62.0,19.0
1490890589,62.0,19.0
1490890619,62.0,19.0
1490890649,56.0,19.0
1490890679,62.0,19.0
1490890709,62.0,19.0
1490890739,62.0,19.0
1490890769,55.0,19.0
1490890799,62.0,19.0
1490890829,62.0,19.0
1490890859,56.0,19.0
1490890889,62.0,19.0
1490890919,56.0,19.0
1490890949,62.0,19.0
1490890979,62.0,19.0
1490891010,62.0,19.0
1490891040,56.0,19.0
1490891070,62.0,19.0
1490891100,62.0,19.0
1490891130,62.0,19.0
1490891160,62.0,19.0
1490891190,62.0,19.0
1490891220,62.0,19.0
1490891250,62.0,19.0
1490891280,62.0,19.0
1490891310,62.0,19.0
1490891340,56.0,19.0
1490891370,62.0,19.0
1490891400,62.0,19.0
1490891430,62.0,19.0
1490891460,62.0,19.0
1490891490,62.0,19.0
1490891520,62.0,19.0
1490891550,55.0,19.0
1490891580,51.0,19.0
1490891610,62.0,19.0
1490891640,62.0,19.0
1490891670,62.0,19.0
1490891700,62.0,19.0
1490891730,55.0,19.0
1490891760,62.0,19.0
1490891791,62.0,19.0
1490891821,55.0,19.0
1490891851,62.0,19.0
1490891881,62.0,19.0
1490891911,62.0,19.0
1490891941,62.0,19.0
1490891971,62.0,19.0
1490892001,62.0,19.0
1490892031,55.0,19.0
1490892061,51.0,19.0
1490892091,62.0,19.0
1490892121,62.0,19.0
1490892151,62.0,19.0
1490892181,62.0,19.0
1490892211,62.0,19.0
1490892241,62.0,19.0
1490892271,62.0,19.0
1490892301,56.0,19.0
1490892331,62.0,19.0
1490892361,62.0,19.0
1490892391,62.0,19.0
1490892421,55.0,19.0
1490892451,62.0,19.0
1490892481,62.0,19.0
1490892511,62.0,19.0
1490892541,62.0,19.0
1490892571,62.0,19.0
1490892602,56.0,19.0
1490892632,52.0,19.0
1490892662,62.0,19.0
1490892692,62.0,19.0
1490892722,62.0,19.0
1490892752,55.0,19.0
1490892782,62.0,19.0
1490892812,62.0,19.0
1490892842,62.0,19.0
1490892872,62.0,19.0
1490892902,55.0,19.0
1490892932,62.0,19.0
1490892962,62.0,19.0
1490892992,62.0,19.0
1490893022,55.0,19.0
1490893052,62.0,19.0
1490893082,62.0,19.0
1490893113,62.0,19.0
1490893143,55.0,19.0
1490893173,62.0,19.0
1490893203,62.0,19.0
1490893233,62.0,19.0
1490893263,62.0,19.0
1490893293,62.0,19.0
1490893323,62.0,19.0
1490893353,62.0,19.0
1490893383,62.0,19.0
1490893413,62.0,19.0
1490893443,55.0,19.0
1490893473,62.0,19.0
1490893503,62.0,19.0
1490893533,62.0,19.0
1490893563,62.0,19.0
1490893593,55.0,19.0
1490893623,62.0,19.0
1490893653,62.0,19.0
1490893683,56.0,19.0
1490893713,62.0,19.0
1490893743,62.0,19.0
1490893773,63.0,18.0
1490893803,62.0,19.0
1490893833,62.0,19.0
1490893863,62.0,19.0
1490893893,56.0,19.0
1490893923,62.0,19.0
1490893953,63.0,18.0
1490893983,62.0,19.0
1490894014,63.0,18.0
1490894044,62.0,19.0
1490894074,63.0,18.0
1490894104,63.0,18.0
1490894134,62.0,19.0
1490894164,63.0,18.0
1490894194,57.0,18.0
1490894224,52.0,19.0
1490894254,63.0,18.0
1490894284,63.0,18.0
1490894314,63.0,18.0
1490894344,63.0,18.0
1490894374,56.0,19.0
1490894404,62.0,19.0
1490894434,62.0,19.0
1490894464,63.0,18.0
1490894494,63.0,18.0
1490894524,63.0,18.0
1490894554,63.0,18.0
1490894584,63.0,18.0
1490894614,56.0,19.0
1490894644,63.0,18.0
1490894675,63.0,18.0
1490894705,63.0,18.0
1490894735,55.0,19.0
1490894765,63.0,18.0
1490894795,63.0,18.0
1490894825,63.0,18.0
1490894855,57.0,18.0
1490894885,63.0,18.0
1490894915,63.0,18.0
1490894945,63.0,18.0
1490894975,63.0,18.0
1490895005,63.0,18.0
1490895035,63.0,18.0
1490895065,63.0,18.0
1490895095,57.0,18.0
1490895125,63.0,18.0
1490895155,63.0,18.0
1490895185,63.0,18.0
1490895215,63.0,18.0
1490895245,63.0,18.0
1490895275,63.0,18.0
1490895305,63.0,18.0
1490895335,63.0,18.0
1490895365,63.0,18.0
1490895395,63.0,18.0
1490895425,63.0,18.0
1490895455,63.0,18.0
1490895486,63.0,18.0
1490895516,57.0,18.0
1490895546,63.0,18.0
1490895576,63.0,18.0
1490895606,63.0,18.0
1490895636,63.0,18.0
1490895666,63.0,18.0
1490895696,63.0,18.0
1490895726,63.0,18.0
1490895756,63.0,18.0
1490895786,63.0,18.0
1490895816,63.0,18.0
1490895846,63.0,18.0
1490895876,63.0,18.0
1490895906,63.0,18.0
1490895936,63.0,18.0
1490895966,63.0,18.0
1490895996,63.0,18.0
1490896026,63.0,18.0
1490896056,63.0,18.0
1490896086,63.0,18.0
1490896116,58.0,18.0
1490896146,63.0,18.0
1490896176,58.0,18.0
1490896206,63.0,18.0
1490896236,63.0,18.0
1490896267,58.0,18.0
1490896297,54.0,18.0
1490896327,63.0,18.0
1490896357,58.0,18.0
1490896387,63.0,18.0
1490896417,63.0,18.0
1490896447,63.0,18.0
1490896477,63.0,18.0
1490896507,64.0,18.0
1490896537,64.0,18.0
1490896567,63.0,18.0
1490896597,64.0,18.0
1490896627,64.0,18.0
1490896657,64.0,18.0
1490896687,64.0,18.0
1490896717,58.0,18.0
1490896747,64.0,18.0
1490896777,64.0,18.0
1490896807,64.0,18.0
1490896837,64.0,18.0
1490896867,64.0,18.0
1490896897,64.0,18.0
1490896928,64.0,18.0
1490896958,59.0,18.0
1490896988,64.0,18.0
1490897018,64.0,18.0
1490897048,64.0,18.0
1490897078,64.0,18.0
1490897108,64.0,18.0
1490897138,64.0,18.0
1490897168,59.0,18.0
1490897198,64.0,18.0
1490897228,64.0,18.0
1490897258,64.0,18.0
1490897288,64.0,18.0
1490897318,64.0,18.0
1490897348,64.0,18.0
1490897378,64.0,18.0
1490897408,64.0,18.0
1490897438,59.0,18.0
1490897468,64.0,18.0
1490897498,64.0,18.0
1490897528,64.0,18.0
1490897558,64.0,18.0
1490897588,64.0,18.0
1490897618,64.0,18.0
1490897648,64.0,18.0
1490897678,60.0,18.0
1490897708,64.0,18.0
1490897738,64.0,18.0
1490897768,64.0,18.0
1490897798,64.0,18.0
1490897829,64.0,18.0
1490897859,64.0,18.0
1490897889,65.0,18.0
1490897919,61.0,18.0
1490897949,65.0,18.0
1490897979,65.0,18.0
1490898009,65.0,18.0
1490898039,61.0,18.0
1490898069,65.0,18.0
1490898099,65.0,18.0
1490898129,65.0,18.0
1490898159,65.0,18.0
1490898189,65.0,18.0
1490898219,65.0,18.0
1490898249,65.0,18.0
1490898279,65.0,18.0
1490898309,65.0,18.0
1490898339,65.0,18.0
1490898369,63.0,18.0
1490898399,65.0,18.0
1490898429,65.0,18.0
1490898459,65.0,18.0
1490898489,65.0,18.0
1490898519,63.0,18.0
1490898549,65.0,18.0
1490898579,65.0,18.0
1490898610,65.0,18.0
1490898640,63.0,18.0
1490898670,65.0,18.0
1490898700,65.0,18.0
1490898730,63.0,18.0
1490898760,65.0,18.0
1490898790,63.0,18.0
1490898820,65.0,18.0
1490898850,65.0,18.0
1490898880,65.0,18.0
1490898910,63.0,18.0
1490898940,65.0,18.0
1490898970,65.0,18.0
1490899000,65.0,18.0
1490899030,63.0,18.0
1490899060,65.0,18.0
1490899090,65.0,18.0
1490899121,65.0,18.0
1490899151,63.0,18.0
1490899181,65.0,18.0
1490899211,65.0,18.0
1490899241,65.0,18.0
1490899271,65.0,18.0
1490899301,65.0,18.0
1490899331,65.0,18.0
1490899361,65.0,18.0
1490899391,65.0,18.0
1490899421,65.0,18.0
1490899451,65.0,18.0
1490899481,65.0,18.0
1490899511,65.0,18.0
1490899541,65.0,18.0
1490899571,65.0,18.0
1490899601,65.0,18.0
1490899631,65.0,18.0
1490899661,65.0,18.0
1490899691,65.0,18.0
1490899721,65.0,18.0
1490899751,65.0,18.0
1490899781,65.0,18.0
1490899811,65.0,18.0
1490899841,65.0,18.0
1490899871,65.0,18.0
1490899901,65.0,18.0
1490899931,65.0,18.0
1490899961,65.0,18.0
1490899991,65.0,18.0
1490900021,65.0,18.0
1490900051,63.0,18.0
1490900081,65.0,18.0
1490900111,65.0,18.0
1490900142,65.0,18.0
1490900172,62.0,18.0
1490900202,65.0,18.0
1490900232,65.0,18.0
1490900262,65.0,18.0
1490900292,65.0,18.0
1490900322,64.0,18.0
1490900352,64.0,18.0
1490900382,64.0,18.0
1490900412,64.0,18.0
1490900442,64.0,18.0
1490900472,64.0,18.0
1490900502,64.0,18.0
1490900532,64.0,18.0
1490900562,64.0,18.0
1490900592,64.0,18.0
1490900622,64.0,18.0
1490900652,64.0,18.0
1490900682,64.0,18.0
1490900712,64.0,18.0
1490900742,64.0,18.0
1490900772,64.0,18.0
1490900802,64.0,18.0
1490900832,64.0,18.0
1490900862,60.0,18.0
1490900892,64.0,18.0
1490900922,64.0,18.0
1490900952,64.0,18.0
1490900982,64.0,18.0
1490901012,64.0,18.0
1490901042,64.0,18.0
1490901072,64.0,18.0
1490901102,64.0,18.0
1490901132,64.0,18.0
1490901163,64.0,18.0
1490901193,64.0,18.0
1490901223,60.0,18.0
1490901253,64.0,18.0
1490901283,64.0,18.0
1490901313,64.0,18.0
1490901343,64.0,18.0
1490901373,64.0,18.0
1490901403,64.0,18.0
1490901433,60.0,18.0
1490901463,64.0,18.0
1490901493,64.0,18.0
1490901523,64.0,18.0
1490901553,64.0,18.0
1490901583,64.0,18.0
1490901613,64.0,18.0
1490901643,64.0,18.0
1490901673,64.0,18.0
1490901703,60.0,18.0
1490901733,64.0,18.0
1490901763,64.0,18.0
1490901793,64.0,18.0
1490901823,64.0,17.0
1490901853,64.0,17.0
1490901883,64.0,18.0
1490901913,64.0,18.0
1490901943,64.0,18.0
1490901973,64.0,17.0
1490902003,64.0,17.0
1490902034,64.0,17.0
1490902064,60.0,18.0
1490902094,64.0,17.0
1490902124,64.0,17.0
1490902154,64.0,17.0
1490902184,64.0,17.0
1490902214,64.0,17.0
1490902244,64.0,17.0
1490902274,61.0,17.0
1490902304,64.0,17.0
1490902334,64.0,17.0
1490902364,64.0,17.0
1490902394,64.0,17.0
1490902424,64.0,17.0
1490902454,64.0,17.0
1490902484,65.0,17.0
1490902514,64.0,17.0
1490902544,64.0,17.0
1490902574,64.0,17.0
1490902604,64.0,17.0
1490902634,64.0,17.0
1490902664,64.0,17.0
1490902694,64.0,17.0
1490902724,64.0,17.0
1490902754,61.0,17.0
1490902784,65.0,17.0
1490902814,65.0,17.0
1490902844,65.0,17.0
1490902874,65.0,17.0
1490902904,64.0,17.0
1490902935,64.0,17.0
1490902965,61.0,17.0
1490902995,65.0,17.0
1490903025,65.0,17.0
1490903055,64.0,17.0
1490903085,64.0,17.0
1490903115,64.0,17.0
1490903145,64.0,17.0
1490903175,64.0,17.0
1490903205,64.0,17.0
1490903235,61.0,17.0
1490903265,64.0,17.0
1490903295,64.0,17.0
1490903325,65.0,17.0
1490903355,65.0,17.0
1490903385,65.0,17.0
1490903415,65.0,17.0
1490903445,65.0,17.0
1490903475,65.0,17.0
1490903505,64.0,17.0
1490903535,64.0,17.0
1490903565,65.0,17.0
1490903595,64.0,17.0
1490903625,65.0,17.0
1490903655,65.0,17.0
1490903685,65.0,17.0
1490903715,65.0,17.0
1490903745,65.0,17.0
1490903775,65.0,17.0
1490903805,65.0,17.0
1490903835,65.0,17.0
1490903865,65.0,17.0
1490903895,65.0,17.0
1490903925,65.0,17.0
1490903955,65.0,17.0
1490903985,65.0,17.0
1490904015,65.0,17.0
1490904046,65.0,17.0
1490904076,65.0,17.0
1490904106,65.0,17.0
1490904136,65.0,17.0
1490904166,65.0,17.0
1490904196,65.0,17.0
1490904226,65.0,17.0
1490904256,62.0,17.0
1490904286,65.0,17.0
1490904316,65.0,17.0
1490904346,65.0,17.0
1490904376,62.0,17.0
1490904406,65.0,17.0
1490904436,65.0,17.0
1490904466,65.0,17.0
1490904496,65.0,17.0
1490904526,65.0,17.0
1490904556,65.0,17.0
1490904586,65.0,17.0
1490904616,65.0,17.0
1490904646,65.0,17.0
1490904676,65.0,17.0
1490904706,62.0,17.0
1490904736,65.0,17.0
1490904766,65.0,17.0
1490904796,65.0,17.0
1490904826,65.0,17.0
1490904856,65.0,17.0
1490904886,65.0,17.0
1490904916,65.0,17.0
1490904946,65.0,17.0
1490904976,65.0,17.0
1490905006,65.0,17.0
1490905036,65.0,17.0
1490905067,65.0,17.0
1490905097,65.0,17.0
1490905127,65.0,17.0
1490905157,65.0,17.0
1490905187,65.0,17.0
1490905217,65.0,17.0
1490905247,65.0,17.0
1490905277,65.0,17.0
1490905307,65.0,17.0
1490905337,65.0,17.0
1490905367,65.0,17.0
1490905397,65.0,17.0
1490905427,65.0,17.0
1490905457,65.0,17.0
1490905487,65.0,17.0
1490905517,65.0,17.0
1490905547,65.0,17.0
1490905577,65.0,17.0
1490905607,65.0,17.0
1490905637,65.0,17.0
1490905667,65.0,17.0
1490905697,65.0,17.0
1490905727,65.0,17.0
1490905757,65.0,17.0
1490905787,65.0,17.0
1490905817,65.0,17.0
1490905847,65.0,17.0
1490905877,65.0,17.0
1490905907,65.0,17.0
1490905937,63.0,17.0
1490905967,65.0,17.0
1490905997,65.0,17.0
1490906027,65.0,17.0
1490906057,63.0,17.0
1490906087,65.0,17.0
1490906117,65.0,17.0
1490906147,65.0,17.0
1490906178,65.0,17.0
1490906208,65.0,17.0
1490906238,65.0,17.0
1490906268,66.0,17.0
1490906298,66.0,17.0
1490906328,66.0,17.0
1490906358,66.0,17.0
1490906388,64.0,17.0
1490906418,66.0,17.0
1490906448,66.0,17.0
1490906478,66.0,17.0
1490906508,66.0,17.0
1490906538,66.0,17.0
1490906568,64.0,17.0
1490906598,67.0,17.0
1490906628,64.0,17.0
1490906658,67.0,17.0
1490906688,67.0,17.0
1490906718,67.0,17.0
1490906748,67.0,17.0
1490906778,67.0,17.0
1490906808,67.0,17.0
1490906838,67.0,17.0
1490906868,67.0,17.0
1490906898,67.0,17.0
1490906928,67.0,17.0
1490906958,67.0,17.0
1490906988,67.0,17.0
1490907018,67.0,17.0
1490907048,67.0,17.0
1490907078,67.0,17.0
1490907108,67.0,17.0
1490907138,67.0,17.0
1490907169,67.0,17.0
1490907199,67.0,17.0
1490907229,67.0,17.0
1490907259,67.0,17.0
1490907289,65.0,17.0
1490907319,67.0,17.0
1490907349,67.0,17.0
1490907379,65.0,17.0
1490907409,67.0,17.0
1490907439,67.0,17.0
1490907469,67.0,17.0
1490907499,65.0,17.0
1490907529,67.0,17.0
1490907559,67.0,17.0
1490907589,65.0,17.0
1490907619,67.0,17.0
1490907649,67.0,17.0
1490907679,67.0,17.0
1490907709,67.0,17.0
1490907739,67.0,17.0
1490907769,67.0,17.0
1490907799,67.0,17.0
1490907829,67.0,17.0
1490907859,67.0,17.0
1490907889,67.0,17.0
1490907919,67.0,17.0
1490907949,67.0,17.0
1490907979,67.0,17.0
1490908009,67.0,17.0
1490908039,68.0,17.0
1490908070,68.0,17.0
1490908100,68.0,17.0
1490908130,68.0,17.0
1490908160,68.0,17.0
1490908190,68.0,17.0
1490908220,68.0,17.0
1490908250,68.0,17.0
1490908280,68.0,17.0
1490908310,68.0,17.0
1490908340,68.0,17.0
1490908370,68.0,17.0
1490908400,68.0,17.0
1490908430,68.0,17.0
1490908460,65.0,17.0
1490908490,68.0,17.0
1490908520,68.0,17.0
1490908550,68.0,17.0
1490908580,68.0,17.0
1490908610,68.0,17.0
1490908640,68.0,17.0
1490908670,65.0,17.0
1490908700,68.0,17.0
1490908730,68.0,17.0
1490908760,68.0,17.0
1490908790,65.0,17.0
1490908820,68.0,17.0
1490908850,68.0,17.0
1490908880,68.0,17.0
1490908910,66.0,17.0
1490908940,68.0,17.0
1490908970,68.0,17.0
1490909000,68.0,17.0
1490909030,68.0,17.0
1490909060,68.0,17.0
1490909091,68.0,17.0
1490909121,65.0,17.0
1490909151,68.0,17.0
1490909181,68.0,17.0
1490909211,68.0,17.0
1490909241,65.0,17.0
1490909271,68.0,17.0
1490909301,68.0,17.0
1490909331,65.0,17.0
1490909361,68.0,17.0
1490909391,68.0,17.0
1490909421,68.0,17.0
1490909451,65.0,17.0
1490909481,68.0,17.0
1490909511,68.0,17.0
1490909541,68.0,17.0
1490909571,68.0,17.0
1490909601,68.0,17.0
1490909631,68.0,17.0
1490909661,68.0,17.0
1490909691,68.0,17.0
1490909721,68.0,17.0
1490909751,68.0,17.0
1490909781,68.0,17.0
1490909811,68.0,17.0
1490909841,68.0,17.0
1490909871,66.0,17.0
1490909901,68.0,17.0
1490909931,68.0,17.0
1490909961,68.0,17.0
1490909992,69.0,17.0
1490910022,69.0,17.0
1490910052,69.0,17.0
1490910082,66.0,17.0
1490910112,69.0,17.0
1490910142,69.0,17.0
1490910172,69.0,17.0
1490910202,69.0,17.0
1490910232,69.0,17.0
1490910262,65.0,18.0
1490910292,66.0,18.0
1490910322,65.0,17.0
1490910352,69.0,17.0
1490910382,69.0,17.0
1490910412,67.0,17.0
1490910442,65.0,18.0
1490910472,69.0,17.0
1490910502,69.0,17.0
1490910532,67.0,18.0
1490910562,69.0,17.0
1490910593,69.0,17.0
1490910623,69.0,17.0
1490910653,66.0,18.0
1490910683,69.0,17.0
1490910713,69.0,17.0
1490910743,69.0,17.0
1490910773,66.0,17.0
1490910803,69.0,17.0
1490910833,66.0,17.0
1490910863,65.0,17.0
1490910893,69.0,17.0
1490910923,68.0,17.0
1490910953,68.0,17.0
1490910983,69.0,17.0
1490911013,69.0,17.0
1490911043,69.0,17.0
1490911073,66.0,18.0
1490911103,68.0,17.0
1490911133,68.0,17.0
1490911163,68.0,17.0
1490911193,68.0,17.0
1490911223,69.0,17.0
1490911253,68.0,17.0
1490911283,69.0,17.0
1490911313,69.0,17.0
1490911343,69.0,17.0
1490911374,66.0,17.0
1490911404,65.0,18.0
1490911434,69.0,17.0
1490911464,69.0,18.0
1490911494,69.0,17.0
1490911524,67.0,17.0
1490911554,69.0,17.0
1490911584,69.0,18.0
1490911614,69.0,18.0
1490911644,69.0,17.0
1490911674,69.0,17.0
1490911704,69.0,18.0
1490911734,69.0,18.0
1490911764,69.0,18.0
1490911794,69.0,17.0
1490911824,69.0,17.0
1490911854,69.0,17.0
1490911884,69.0,18.0
1490911914,69.0,18.0
1490911944,69.0,17.0
1490911974,69.0,17.0
1490912004,69.0,18.0
1490912034,67.0,18.0
1490912064,69.0,17.0
1490912094,69.0,18.0
1490912124,67.0,18.0
1490912154,69.0,17.0
1490912184,69.0,17.0
1490912215,67.0,18.0
1490912245,65.0,18.0
1490912275,69.0,18.0
1490912305,69.0,18.0
1490912335,69.0,18.0
1490912365,66.0,18.0
1490912395,69.0,18.0
1490912425,69.0,18.0
1490912455,66.0,18.0
1490912485,69.0,18.0
1490912515,69.0,17.0
1490912545,69.0,17.0
1490912575,66.0,18.0
1490912605,69.0,17.0
1490912635,69.0,18.0
1490912665,69.0,18.0
1490912695,69.0,18.0
1490912725,69.0,18.0
1490912755,69.0,18.0
1490912785,66.0,18.0
1490912815,69.0,18.0
1490912845,69.0,17.0
1490912875,69.0,18.0
1490912905,69.0,18.0
1490912935,69.0,17.0
1490912965,69.0,17.0
1490912995,69.0,17.0
1490913025,69.0,17.0
1490913056,66.0,18.0
1490913086,65.0,18.0
1490913116,69.0,18.0
1490913146,69.0,17.0
1490913176,69.0,18.0
1490913206,69.0,17.0
1490913236,68.0,18.0
1490913266,69.0,18.0
1490913296,68.0,18.0
1490913326,68.0,18.0
1490913356,69.0,18.0
1490913386,68.0,18.0
1490913416,68.0,17.0
1490913446,68.0,18.0
1490913476,69.0,18.0
1490913506,69.0,18.0
1490913536,69.0,18.0
1490913566,69.0,18.0
1490913596,69.0,18.0
1490913626,66.0,18.0
1490913656,69.0,18.0
1490913686,68.0,17.0
1490913716,68.0,18.0
1490913746,66.0,18.0
1490913776,69.0,18.0
1490913806,68.0,18.0
1490913836,68.0,18.0
1490913866,68.0,18.0
1490913896,68.0,18.0
1490913926,68.0,18.0
1490913956,68.0,18.0
1490913986,68.0,18.0
1490914016,68.0,17.0
1490914046,68.0,18.0
1490914076,68.0,18.0
1490914107,68.0,18.0
1490914137,69.0,18.0
1490914167,66.0,18.0
1490914197,69.0,18.0
1490914227,68.0,18.0
1490914257,66.0,18.0
1490914287,68.0,18.0
1490914317,68.0,18.0
1490914347,68.0,18.0
1490914377,65.0,18.0
1490914407,68.0,18.0
1490914437,68.0,18.0
1490914497,65.0,18.0
1490914527,69.0,18.0
1490914557,69.0,18.0
1490914587,68.0,18.0
1490914617,68.0,18.0
1490914647,68.0,17.0
1490914677,68.0,18.0
1490914707,68.0,18.0
1490914737,68.0,18.0
1490914767,68.0,18.0
1490914797,68.0,18.0
1490914827,68.0,18.0
1490914858,68.0,18.0
1490914888,68.0,17.0
1490914918,65.0,18.0
1490914948,68.0,18.0
1490914978,68.0,18.0
1490915008,65.0,18.0
1490915038,64.0,18.0
1490915068,67.0,18.0
1490915098,67.0,18.0
1490915128,67.0,18.0
1490915158,67.0,17.0
1490915188,67.0,18.0
1490915218,67.0,18.0
1490915248,67.0,18.0
1490915278,67.0,17.0
1490915308,67.0,18.0
1490915338,65.0,18.0
1490915368,67.0,18.0
1490915398,65.0,18.0
1490915428,67.0,18.0
1490915458,67.0,18.0
1490915488,67.0,18.0
1490915518,67.0,18.0
1490915548,67.0,18.0
1490915578,67.0,18.0
1490915608,67.0,18.0
1490915639,67.0,18.0
1490915669,67.0,18.0
1490915699,67.0,18.0
1490915729,67.0,18.0
1490915759,67.0,18.0
1490915789,67.0,18.0
1490915819,67.0,17.0
1490915849,67.0,17.0
1490915879,67.0,18.0
1490915909,67.0,18.0
1490915939,67.0,18.0
1490915969,67.0,18.0
1490915999,67.0,18.0
1490916029,65.0,18.0
1490916059,67.0,18.0
1490916089,67.0,18.0
1490916119,67.0,18.0
1490916149,65.0,18.0
1490916179,67.0,17.0
1490916209,67.0,18.0
1490916239,65.0,18.0
1490916269,67.0,18.0
1490916299,67.0,18.0
1490916329,67.0,17.0
1490916359,67.0,18.0
1490916389,67.0,18.0
1490916419,67.0,18.0
1490916449,65.0,18.0
1490916479,67.0,18.0
1490916509,67.0,18.0
1490916539,67.0,18.0
1490916570,65.0,18.0
1490916600,67.0,18.0
1490916630,67.0,18.0
1490916660,67.0,18.0
1490916690,67.0,18.0
1490916720,67.0,18.0
1490916750,67.0,18.0
1490916780,67.0,18.0
1490916810,67.0,17.0
1490916840,67.0,18.0
1490916870,67.0,18.0
1490916900,64.0,18.0
1490916930,67.0,17.0
1490916960,67.0,18.0
1490916990,67.0,17.0
1490917020,67.0,18.0
1490917050,67.0,17.0
1490917080,67.0,17.0
1490917110,64.0,18.0
1490917140,67.0,17.0
1490917170,67.0,18.0
1490917200,67.0,17.0
1490917230,67.0,18.0
1490917260,67.0,17.0
1490917290,67.0,18.0
1490917320,67.0,17.0
1490917350,67.0,17.0
1490917380,67.0,18.0
1490917410,65.0,17.0
1490917440,64.0,18.0
1490917470,67.0,17.0
1490917500,67.0,17.0
1490917530,67.0,17.0
1490917561,67.0,18.0
1490917591,67.0,18.0
1490917621,67.0,17.0
1490917651,65.0,17.0
1490917681,67.0,18.0
1490917711,67.0,17.0
1490917741,67.0,17.0
1490917771,64.0,17.0
1490917801,67.0,17.0
1490917831,67.0,17.0
1490917861,67.0,17.0
1490917891,67.0,17.0
1490917921,67.0,17.0
1490917951,67.0,17.0
1490917981,65.0,18.0
1490918011,67.0,17.0
1490918041,67.0,17.0
1490918071,67.0,17.0
1490918101,67.0,18.0
1490918131,67.0,17.0
1490918161,67.0,17.0
1490918191,65.0,17.0
1490918221,67.0,17.0
1490918251,67.0,17.0
1490918281,67.0,17.0
1490918311,65.0,17.0
1490918341,67.0,17.0
1490918371,67.0,17.0
1490918432,67.0,17.0
1490918462,65.0,17.0
1490918492,67.0,17.0
1490918522,67.0,17.0
1490918552,67.0,17.0
1490918582,67.0,17.0
1490918612,67.0,17.0
1490918642,67.0,17.0
1490918672,65.0,17.0
1490918702,64.0,18.0
1490918732,67.0,17.0
1490918762,67.0,17.0
1490918792,67.0,17.0
1490918822,67.0,17.0
1490918852,67.0,17.0
1490918882,67.0,17.0
1490918912,65.0,17.0
1490918942,67.0,17.0
1490918972,67.0,17.0
1490919002,67.0,17.0
1490919032,67.0,17.0
1490919062,67.0,17.0
1490919092,67.0,17.0
1490919123,67.0,17.0
1490919153,67.0,17.0
1490919183,67.0,17.0
1490919213,67.0,17.0
1490919243,67.0,17.0
1490919273,67.0,17.0
1490919303,67.0,17.0
1490919333,67.0,17.0
1490919363,67.0,17.0
1490919393,67.0,17.0
1490919423,65.0,17.0
1490919453,64.0,17.0
1490919483,67.0,17.0
1490919513,67.0,17.0
1490919543,67.0,17.0
1490919573,67.0,17.0
1490919603,64.0,17.0
1490919633,67.0,17.0
1490919663,67.0,17.0
